pn;nInstances;nResources;time;nRuns;median;std;bestgap;initialgap
a20g6;10;3;45;14;201.0;10.0526;3.91;3.91
a20g6;10;3;60;7;201.0;5.3675;1.56;1.56
a20g6;10;3;90;4;201.0;0.0000;0.00;0.00
a20g6;10;3;180;2;201.0;0.0000;0.00;0.00
a20g6;10;5;45;4;132.5;19.1311;27.27;26.07
a20g6;10;5;60;4;115.0;7.1880;13.11;10.95
a20g6;10;5;90;4;115.5;4.9917;11.89;12.44
a20g6;10;5;180;4;112.5;0.5774;10.29;10.84
a20g6;10;7;45;4;135.5;1.7321;1.88;-2.17
a20g6;10;7;60;4;134.5;0.9574;1.32;-2.71
a20g6;10;7;90;4;134.5;0.9574;1.32;-3.41
a20g6;10;7;180;4;134.0;0.5000;0.56;-3.08
a20g6;10;12;45;4;81.0;0.0000;0.00;0.00
a20g6;10;12;60;4;81.0;0.0000;0.00;0.00
a20g6;10;12;90;4;81.0;0.0000;0.00;0.00
a20g6;10;12;180;4;81.0;0.0000;0.00;0.00
a20g6;15;3;45;4;296.0;0.0000;0.00;0.00
a20g6;15;3;60;4;296.0;0.0000;0.00;0.00
a20g6;15;3;90;4;296.0;0.0000;0.00;0.00
a20g6;15;3;180;4;296.0;0.0000;0.00;0.00
a20g6;15;5;45;4;226.0;12.3288;49.84;43.30
a20g6;15;5;60;4;216.5;9.6393;42.65;40.35
a20g6;15;5;90;4;198.5;19.8725;27.23;26.39
a20g6;15;5;180;4;167.5;3.1623;14.29;12.00
a20g6;15;7;45;4;190.0;4.1231;3.84;-3.32
a20g6;15;7;60;4;187.5;2.0616;2.88;-4.46
a20g6;15;7;90;4;186.5;1.7321;2.19;-4.85
a20g6;15;7;180;4;185.5;1.7078;1.50;-5.23
a20g6;15;12;45;4;111.5;0.5774;0.45;0.45
a20g6;15;12;60;4;111.5;0.5774;0.45;0.45
a20g6;15;12;90;4;111.0;0.5000;0.23;0.23
a20g6;15;12;180;4;111.0;0.0000;0.00;0.00
a20g6;20;3;45;4;391.0;0.0000;0.00;0.00
a20g6;20;3;60;4;391.0;0.0000;0.00;0.00
a20g6;20;3;90;4;391.0;0.0000;0.00;0.00
a20g6;20;3;180;4;391.0;0.0000;0.00;0.00
a20g6;20;5;45;4;324.0;25.1048;59.25;55.46
a20g6;20;5;60;4;315.5;17.3277;53.36;54.84
a20g6;20;5;90;4;293.0;12.1244;47.51;46.06
a20g6;20;5;180;4;259.5;9.4692;27.65;29.25
a20g6;20;7;45;4;255.0;11.1206;8.07;0.99
a20g6;20;7;60;4;249.0;12.4733;6.55;-1.49
a20g6;20;7;90;4;245.5;7.9320;5.03;-2.68
a20g6;20;7;180;4;239.0;3.3040;2.91;-5.26
a20g6;20;12;45;4;148.0;2.8284;4.26;4.26
a20g6;20;12;60;4;143.0;2.3094;1.42;1.42
a20g6;20;12;90;4;142.5;2.4495;1.42;1.42
a20g6;20;12;180;4;141.0;0.0000;0.00;0.00
a20g6;25;3;45;4;488.0;2.2174;-0.36;0.46
a20g6;25;3;60;4;488.5;1.7078;-0.15;0.57
a20g6;25;3;90;4;489.5;1.7078;0.67;0.67
a20g6;25;3;180;4;488.5;1.2910;0.51;0.51
a20g6;25;5;45;4;415.0;33.3966;47.87;57.66
a20g6;25;5;60;4;414.5;32.1351;54.65;61.87
a20g6;25;5;90;4;400.5;30.2035;56.19;56.49
a20g6;25;5;180;4;367.5;31.3728;46.84;45.98
a20g6;25;7;45;4;320.0;17.4642;10.82;3.59
a20g6;25;7;60;4;314.0;14.4684;9.47;1.96
a20g6;25;7;90;4;308.0;10.1325;6.62;0.00
a20g6;25;7;180;4;292.0;7.7244;3.36;-4.41
a20g6;25;12;45;4;186.5;7.1647;9.04;9.36
a20g6;25;12;60;4;182.0;5.5603;7.16;6.85
a20g6;25;12;90;4;178.5;4.8305;5.26;5.26
a20g6;25;12;180;4;175.0;3.3665;2.34;2.34
a27g7XOR;10;3;45;2;185.0;5.6569;2.21;-1.60
a27g7XOR;10;3;60;2;181.0;0.0000;0.00;-3.72
a27g7XOR;10;3;90;2;185.0;5.6569;2.21;-1.60
a27g7XOR;10;3;180;2;181.0;0.0000;0.00;-3.72
a27g7XOR;10;5;45;2;146.0;0.0000;2.82;2.82
a27g7XOR;10;5;60;2;149.5;2.1213;6.03;4.91
a27g7XOR;10;5;90;2;149.0;2.8284;6.05;6.43
a27g7XOR;10;5;180;2;148.5;2.1213;4.95;6.45
a27g7XOR;10;7;45;2;136.0;0.0000;0.74;0.74
a27g7XOR;10;7;60;2;136.0;0.0000;0.74;0.74
a27g7XOR;10;7;90;2;136.0;0.0000;0.74;0.74
a27g7XOR;10;7;180;2;136.0;0.0000;0.74;0.74
a27g7XOR;10;12;45;2;134.0;0.0000;0.00;0.00
a27g7XOR;10;12;60;2;134.0;0.0000;0.00;0.00
a27g7XOR;10;12;90;2;134.0;0.0000;0.00;0.00
a27g7XOR;10;12;180;2;134.0;0.0000;0.00;0.00
a27g7XOR;15;3;45;2;278.5;6.3640;5.09;0.72
a27g7XOR;15;3;60;2;274.5;12.0208;3.58;-0.72
a27g7XOR;15;3;90;2;269.0;4.2426;1.51;-2.71
a27g7XOR;15;3;180;2;266.0;0.0000;0.38;-3.62
a27g7XOR;15;5;45;2;215.5;0.7071;3.11;4.11
a27g7XOR;15;5;60;2;215.0;0.0000;3.61;3.37
a27g7XOR;15;5;90;2;215.0;0.0000;4.37;4.12
a27g7XOR;15;5;180;2;211.5;4.9497;2.92;4.96
a27g7XOR;15;7;45;2;185.0;0.0000;0.00;0.00
a27g7XOR;15;7;60;2;185.0;0.0000;0.00;0.00
a27g7XOR;15;7;90;2;185.0;0.0000;0.00;0.00
a27g7XOR;15;7;180;2;185.0;0.0000;0.00;0.00
a27g7XOR;15;12;45;2;185.0;1.4142;0.54;0.54
a27g7XOR;15;12;60;2;184.0;0.0000;0.00;0.00
a27g7XOR;15;12;90;2;184.0;0.0000;0.00;0.00
a27g7XOR;15;12;180;2;184.0;0.0000;0.00;0.00
a27g7XOR;20;3;45;2;417.0;4.2426;18.80;14.09
a27g7XOR;20;3;60;2;420.0;0.0000;19.49;14.44
a27g7XOR;20;3;90;2;375.5;7.7782;6.98;2.60
a27g7XOR;20;3;180;2;365.5;4.9497;4.13;-0.14
a27g7XOR;20;5;45;2;422.5;14.8492;53.08;50.62
a27g7XOR;20;5;60;2;342.5;50.2046;24.09;23.87
a27g7XOR;20;5;90;2;328.0;59.3970;21.03;22.39
a27g7XOR;20;5;180;2;308.5;27.5772;15.11;15.98
a27g7XOR;20;7;45;2;258.5;16.2635;10.00;10.00
a27g7XOR;20;7;60;2;246.0;0.0000;4.68;4.68
a27g7XOR;20;7;90;2;253.0;7.0711;7.66;7.66
a27g7XOR;20;7;180;2;246.5;16.2635;4.89;4.89
a27g7XOR;20;12;45;2;237.5;2.1213;1.50;1.50
a27g7XOR;20;12;60;2;234.0;0.0000;0.00;0.00
a27g7XOR;20;12;90;2;234.0;0.0000;0.00;0.00
a27g7XOR;20;12;180;2;234.0;0.0000;0.00;0.00
a27g7XOR;25;3;45;2;531.0;0.0000;20.41;16.96
a27g7XOR;25;3;60;2;529.0;24.0416;21.19;16.91
a27g7XOR;25;3;90;2;493.0;24.0416;12.81;9.07
a27g7XOR;25;3;180;2;465.0;1.4142;6.53;2.99
a27g7XOR;25;5;45;2;577.5;14.8492;63.37;64.76
a27g7XOR;25;5;60;2;546.0;29.6985;55.33;52.09
a27g7XOR;25;5;90;2;557.5;13.4350;65.19;61.13
a27g7XOR;25;5;180;2;483.5;0.7071;43.47;42.42
a27g7XOR;25;7;45;2;356.0;0.0000;24.69;24.91
a27g7XOR;25;7;60;2;363.0;8.4853;27.37;27.37
a27g7XOR;25;7;90;2;333.5;14.8492;17.02;17.02
a27g7XOR;25;7;180;2;319.5;0.7071;12.11;12.11
a27g7XOR;25;12;45;2;297.5;0.7071;3.84;4.75
a27g7XOR;25;12;60;2;294.5;0.7071;3.70;3.70
a27g7XOR;25;12;90;2;288.0;0.0000;1.23;1.41
a27g7XOR;25;12;180;2;284.5;0.7071;0.18;0.18
a29g9AND;10;3;45;26;299.0;2.5973;-3.22;-0.92
a29g9AND;10;3;60;25;299.0;1.9149;-3.02;-0.88
a29g9AND;10;3;90;25;297.0;2.0232;-1.17;-1.05
a29g9AND;10;3;180;25;298.0;2.1794;0.43;-0.70
a29g9AND;10;5;45;26;172.0;1.1688;0.61;0.86
a29g9AND;10;5;60;25;172.0;1.2207;1.02;0.64
a29g9AND;10;5;90;25;171.0;1.0755;1.85;1.96
a29g9AND;10;5;180;22;170.0;0.8985;2.67;2.21
a29g9AND;10;7;45;21;163.0;0.0000;-1.38;-2.65
a29g9AND;10;7;60;19;163.0;0.0000;-1.93;-4.12
a29g9AND;10;7;90;19;163.0;0.0000;-0.49;-4.12
a29g9AND;10;7;180;19;163.0;0.0000;0.87;-4.12
a29g9AND;10;12;45;19;133.0;0.0000;-3.48;-3.48
a29g9AND;10;12;60;19;133.0;0.0000;-3.48;-3.48
a29g9AND;10;12;90;19;133.0;0.0000;-3.48;-3.48
a29g9AND;10;12;180;19;133.0;0.0000;-3.06;-3.06
a29g9AND;15;3;45;19;447.0;10.7257;-3.70;-8.52
a29g9AND;15;3;60;19;444.0;11.3444;-3.50;-9.15
a29g9AND;15;3;90;19;442.0;7.9963;-3.28;-9.47
a29g9AND;15;3;180;19;435.0;7.2789;-4.80;-4.76
a29g9AND;15;5;45;19;241.0;8.0456;-5.66;-5.37
a29g9AND;15;5;60;19;239.0;8.1893;-6.12;-5.16
a29g9AND;15;5;90;12;239.0;7.2295;-5.06;-5.06
a29g9AND;15;5;180;9;238.0;3.5978;-4.09;-3.78
a29g9AND;15;7;45;9;229.0;2.4037;-16.71;-12.18
a29g9AND;15;7;60;9;228.0;0.0000;-6.71;-11.56
a29g9AND;15;7;90;9;228.0;0.0000;-27.11;-11.15
a29g9AND;15;7;180;9;228.0;0.0000;-11.56;0.88
a29g9AND;15;12;45;9;178.0;0.0000;-15.80;-15.80
a29g9AND;15;12;60;9;178.0;0.0000;-13.76;-14.18
a29g9AND;15;12;90;9;178.0;0.0000;-5.02;-5.02
a29g9AND;15;12;180;9;178.0;0.0000;-4.81;-4.81
a29g9AND;20;3;45;9;626.0;36.2008;-6.35;-10.93
a29g9AND;20;3;60;9;626.0;35.9583;-5.23;-10.32
a29g9AND;20;3;90;9;621.0;28.9180;-4.61;-11.22
a29g9AND;20;3;180;9;585.0;33.9022;-11.22;-14.69
a29g9AND;20;5;45;9;344.0;41.7745;-25.93;-25.87
a29g9AND;20;5;60;9;333.0;47.2679;-17.63;-17.85
a29g9AND;20;5;90;9;321.0;40.8412;-16.22;-16.55
a29g9AND;20;5;180;9;313.0;22.8133;-32.81;-20.79
a29g9AND;20;7;45;9;312.0;8.4278;-15.61;-8.09
a29g9AND;20;7;60;9;300.0;4.6904;-33.13;-10.03
a29g9AND;20;7;90;9;293.0;6.4248;-34.54;-11.00
a29g9AND;20;7;180;9;293.0;0.0000;-30.07;-12.33
a29g9AND;20;12;45;9;223.0;11.2002;-49.95;-49.62
a29g9AND;20;12;60;9;223.0;0.0000;-49.30;-49.32
a29g9AND;20;12;90;9;223.0;0.0000;-41.47;-41.78
a29g9AND;20;12;180;9;223.0;0.0000;-39.79;-39.76
a29g9AND;25;3;45;9;796.0;24.5736;-13.62;-17.18
a29g9AND;25;3;60;9;796.0;18.3167;-17.74;-11.34
a29g9AND;25;3;90;9;792.0;36.1009;-4.05;-9.15
a29g9AND;25;3;180;9;778.0;24.4699;-18.15;-4.64
a29g9AND;25;5;45;9;471.0;27.3176;-24.37;-24.68
a29g9AND;25;5;60;9;460.0;36.6723;-22.91;-22.88
a29g9AND;25;5;90;9;427.0;43.7648;-25.08;-24.69
a29g9AND;25;5;180;9;395.0;38.0559;-29.56;-29.47
a29g9AND;25;7;45;9;407.0;20.3715;-36.38;-36.79
a29g9AND;25;7;60;9;395.0;14.5258;-38.55;-38.71
a29g9AND;25;7;90;9;368.0;19.2159;-34.05;-42.62
a29g9AND;25;7;180;7;358.0;0.3780;-25.90;-28.99
a29g9AND;25;12;45;6;306.0;14.2232;1.02;1.02
a29g9AND;25;12;60;6;272.0;7.8422;-3.87;-3.53
a29g9AND;25;12;90;6;268.0;0.0000;-4.46;-3.42
a29g9AND;25;12;180;6;268.0;0.0000;-3.94;-2.19
a35g6;10;3;45;12;339.5;9.2474;3.52;-3.20
a35g6;10;3;60;12;341.0;10.5955;2.32;-2.52
a35g6;10;3;90;12;341.0;6.6395;2.96;-3.37
a35g6;10;3;180;12;340.5;6.9978;3.14;-3.48
a35g6;10;5;45;10;208.0;8.0719;5.06;13.60
a35g6;10;5;60;10;207.0;8.0305;1.52;11.37
a35g6;10;5;90;9;204.0;9.9875;1.86;10.87
a35g6;10;5;180;8;193.5;3.8079;3.34;6.47
a35g6;10;7;45;8;165.0;6.9437;0.45;-2.74
a35g6;10;7;60;8;165.0;6.9437;2.58;0.75
a35g6;10;7;90;8;164.5;6.3415;1.05;-0.74
a35g6;10;7;180;8;163.5;2.9001;0.84;0.23
a35g6;10;12;45;8;149.5;22.7455;-0.46;-32.11
a35g6;10;12;60;8;150.5;9.4103;-0.72;-35.41
a35g6;10;12;90;8;150.0;2.4165;-3.43;-36.77
a35g6;10;12;180;8;149.0;0.5175;-3.63;-37.50
a35g6;15;3;45;7;513.0;22.0745;1.65;0.47
a35g6;15;3;60;6;509.5;8.0166;-1.13;-1.42
a35g6;15;3;90;6;514.5;5.5287;-0.93;-0.93
a35g6;15;3;180;6;497.5;7.6942;-1.77;-3.48
a35g6;15;5;45;6;342.5;25.9416;11.76;22.63
a35g6;15;5;60;6;341.5;13.9952;15.73;23.52
a35g6;15;5;90;6;307.0;7.9099;5.23;13.66
a35g6;15;5;180;6;300.5;8.7807;4.92;11.59
a35g6;15;7;45;6;229.5;2.4833;-6.00;-8.43
a35g6;15;7;60;6;232.0;1.7512;-4.80;-4.60
a35g6;15;7;90;6;231.0;1.8619;-4.03;-2.81
a35g6;15;7;180;6;227.5;1.2111;-3.74;-2.08
a35g6;15;12;45;6;199.0;2.1602;-16.00;-40.02
a35g6;15;12;60;6;197.5;1.5166;-10.84;-40.87
a35g6;15;12;90;6;197.0;1.7607;-10.88;-41.17
a35g6;15;12;180;6;196.0;1.7224;-3.84;-41.27
a35g6;20;3;45;6;685.0;5.4559;-6.50;-0.31
a35g6;20;3;60;6;684.5;3.4448;-2.61;-1.13
a35g6;20;3;90;6;673.0;4.4572;-3.04;-1.84
a35g6;20;3;180;6;670.0;5.4283;-1.01;-2.38
a35g6;20;5;45;6;469.0;4.4907;11.90;24.58
a35g6;20;5;60;6;459.5;5.1251;15.34;23.27
a35g6;20;5;90;5;460.0;19.8570;18.72;24.29
a35g6;20;5;180;1;425.0;0.0000;6.52;19.38
a40g17AND;10;3;45;18;288.0;3.6010;1.91;2.05
a40g17AND;10;3;60;9;287.0;3.2956;2.96;3.79
a40g17AND;10;3;90;9;284.0;4.7639;2.26;2.34
a40g17AND;10;3;180;9;283.0;4.2947;2.77;3.14
a40g17AND;10;5;45;9;160.0;0.9280;4.57;3.45
a40g17AND;10;5;60;9;161.0;0.7071;7.27;6.32
a40g17AND;10;5;90;9;161.0;1.1304;7.04;6.73
a40g17AND;10;5;180;9;161.0;1.5000;7.95;7.70
a40g17AND;10;7;45;9;139.0;0.0000;-2.72;-2.57
a40g17AND;10;7;60;9;139.0;0.0000;-0.64;-1.73
a40g17AND;10;7;90;9;139.0;0.0000;-0.16;-1.11
a40g17AND;10;7;180;9;139.0;0.0000;0.32;0.32
a40g17AND;10;12;45;9;86.0;2.2361;-10.85;-11.84
a40g17AND;10;12;60;9;86.0;2.4552;-5.07;-9.02
a40g17AND;10;12;90;9;86.0;2.6822;-4.05;-2.86
a40g17AND;10;12;180;9;85.0;1.4142;-1.16;-1.29
a40g17AND;15;3;45;9;436.0;9.7340;1.28;1.33
a40g17AND;15;3;60;9;437.0;8.2006;2.33;2.97
a40g17AND;15;3;90;9;432.0;6.4765;2.13;1.76
a40g17AND;15;3;180;9;421.0;8.5505;1.56;1.43
a40g17AND;15;5;45;9;235.0;2.5221;-3.13;-3.44
a40g17AND;15;5;60;8;235.0;1.3025;-0.53;-1.83
a40g17AND;15;5;90;7;233.0;1.3973;-1.86;-0.55
a40g17AND;15;5;180;7;229.0;4.4987;-1.00;0.63
a40g17AND;15;7;45;7;210.0;4.1918;-8.36;-8.59
a40g17AND;15;7;60;7;207.0;7.4929;-5.27;-5.52
a40g17AND;15;7;90;7;194.0;3.6839;-6.23;-7.18
a40g17AND;15;7;180;7;194.0;0.0000;-5.69;-3.07
a40g17AND;15;12;45;7;120.0;0.7868;-24.05;-23.56
a40g17AND;15;12;60;7;120.0;1.4960;-19.94;-19.79
a40g17AND;15;12;90;7;117.0;0.4880;-13.45;-9.92
a40g17AND;15;12;180;7;109.0;2.3705;-12.24;-13.33
a40g17AND;20;3;45;7;572.0;10.0806;-2.75;-5.25
a40g17AND;20;3;60;7;574.0;11.4143;-1.59;-0.64
a40g17AND;20;3;90;7;574.0;10.0901;0.27;0.95
a40g17AND;20;3;180;7;562.0;5.2870;1.44;0.79
a40g17AND;20;5;45;7;309.0;6.4734;-11.66;-11.44
a40g17AND;20;5;60;7;301.0;3.9036;-10.31;-11.32
a40g17AND;20;5;90;7;301.0;2.4785;-7.24;-6.91
a40g17AND;20;5;180;7;298.0;1.5736;-4.00;-3.65
a40g17AND;20;7;45;7;286.0;3.4641;-12.39;-13.45
a40g17AND;20;7;60;7;283.0;5.7071;-10.93;-10.81
a40g17AND;20;7;90;7;274.0;3.4017;-7.88;-8.67
a40g17AND;20;7;180;7;250.0;3.4641;-9.68;-10.05
a40g17AND;20;12;45;7;155.0;1.2536;-27.80;-31.46
a40g17AND;20;12;60;7;155.0;2.6992;-27.90;-24.03
a40g17AND;20;12;90;7;152.0;1.9518;-21.66;-19.94
a40g17AND;20;12;180;7;146.0;1.4639;-17.60;-18.06
a40g17AND;25;3;45;7;714.0;7.6904;-7.29;-8.44
a40g17AND;25;3;60;4;719.0;7.0887;-1.87;-1.03
a40g17AND;25;3;90;2;716.5;14.8492;5.76;7.10
a40g17AND;25;3;180;2;696.0;0.0000;3.88;2.05
a40g17AND;25;5;45;2;395.0;5.6569;4.50;3.00
a40g17AND;25;5;60;2;379.0;5.6569;3.69;2.85
a40g17AND;25;5;90;2;371.0;5.6569;3.78;5.25
a40g17AND;25;5;180;2;364.0;0.0000;3.26;4.75
a40g17AND;25;7;45;2;365.0;0.0000;14.24;11.96
a40g17AND;25;7;60;2;362.0;4.2426;14.38;10.37
a40g17AND;25;7;90;2;351.5;6.3640;12.48;10.19
a40g17AND;25;7;180;2;335.0;4.2426;9.48;8.77
a40g17AND;25;12;45;2;186.0;1.4142;-13.69;-11.22
a40g17AND;25;12;60;2;186.5;3.5355;-10.98;-7.44
a40g17AND;25;12;90;2;181.5;0.7071;-7.40;-8.10
a40g17AND;25;12;180;2;177.0;1.4142;-4.32;-3.80
a42g11XOR;10;3;45;2;267.5;3.5355;2.49;1.52
a42g11XOR;10;3;60;2;267.0;7.0711;3.49;1.52
a42g11XOR;10;3;90;2;262.5;0.7071;2.14;0.19
a42g11XOR;10;3;180;2;261.5;3.5355;0.97;-0.38
a42g11XOR;10;5;45;2;137.5;2.1213;-0.36;0.73
a42g11XOR;10;5;60;2;137.0;1.4142;0.37;0.74
a42g11XOR;10;5;90;2;136.0;0.0000;0.74;0.00
a42g11XOR;10;5;180;2;137.0;0.0000;4.18;2.62
a42g11XOR;10;7;45;2;157.0;1.4142;-0.32;-24.52
a42g11XOR;10;7;60;2;159.5;4.9497;0.63;-23.32
a42g11XOR;10;7;90;2;158.0;7.0711;0.00;-24.04
a42g11XOR;10;7;180;2;152.5;0.7071;0.33;-26.68
a42g11XOR;10;12;45;2;109.5;0.7071;0.00;-2.67
a42g11XOR;10;12;60;2;109.5;0.7071;-0.45;-0.90
a42g11XOR;10;12;90;2;109.0;0.0000;0.00;0.00
a42g11XOR;10;12;180;2;109.5;0.7071;0.46;-0.45
a42g11XOR;15;3;45;2;445.0;7.0711;15.73;14.99
a42g11XOR;15;3;60;2;433.0;9.8995;12.61;11.89
a42g11XOR;15;3;90;2;435.5;0.7071;15.06;13.41
a42g11XOR;15;3;180;2;425.0;1.4142;12.29;11.99
a42g11XOR;15;5;45;2;199.0;8.4853;5.29;3.11
a42g11XOR;15;5;60;2;185.0;4.2426;-2.63;-1.86
a42g11XOR;15;5;90;2;191.0;0.0000;1.33;2.14
a42g11XOR;15;5;180;2;196.5;12.0208;7.38;6.50
a42g11XOR;15;7;45;2;235.5;19.0919;0.00;-22.28
a42g11XOR;15;7;60;2;221.0;1.4142;-0.45;-27.06
a42g11XOR;15;7;90;2;216.0;4.2426;-0.69;-28.71
a42g11XOR;15;7;180;2;216.0;2.8284;1.41;-28.71
a42g11XOR;15;12;45;2;157.5;0.7071;1.94;1.61
a42g11XOR;15;12;60;2;155.0;1.4142;0.65;0.00
a42g11XOR;15;12;90;2;154.0;0.0000;0.00;0.00
a42g11XOR;15;12;180;2;154.0;0.0000;0.00;0.00
a42g11XOR;20;3;45;2;609.0;1.4142;16.67;16.22
a42g11XOR;20;3;60;2;601.0;11.3137;17.38;16.25
a42g11XOR;20;3;90;2;595.5;2.1213;16.54;14.41
a42g11XOR;20;3;180;2;579.5;4.9497;14.98;13.74
a42g11XOR;20;5;45;2;273.0;18.3848;12.11;9.86
a42g11XOR;20;5;60;2;271.0;0.0000;11.29;13.15
a42g11XOR;20;5;90;2;257.0;1.4142;6.42;5.76
a42g11XOR;20;5;180;2;243.5;2.1213;2.10;1.04
a42g11XOR;20;7;45;2;348.5;6.3640;0.00;-12.44
a42g11XOR;20;7;60;2;326.0;12.7279;0.00;-18.09
a42g11XOR;20;7;90;2;308.0;0.0000;0.00;-22.61
a42g11XOR;20;7;180;2;317.0;0.0000;0.00;-20.35
a42g11XOR;20;12;45;2;209.0;0.0000;1.70;3.98
a42g11XOR;20;12;60;2;206.5;3.5355;1.98;3.77
a42g11XOR;20;12;90;2;202.5;2.1213;1.50;1.50
a42g11XOR;20;12;180;2;199.5;0.7071;0.25;0.25
a42g11XOR;25;3;45;2;761.0;9.8995;13.24;12.49
a42g11XOR;25;3;60;2;763.0;0.0000;15.17;16.13
a42g11XOR;25;3;90;2;754.0;1.4142;15.11;16.36
a42g11XOR;25;3;180;2;739.0;1.4142;16.29;16.56
a42g11XOR;25;5;45;2;420.5;6.3640;36.53;35.43
a42g11XOR;25;5;60;2;396.0;22.6274;28.99;25.52
a42g11XOR;25;5;90;2;366.5;16.2635;21.36;22.17
a42g11XOR;25;5;180;2;335.0;4.2426;8.41;13.56
a42g11XOR;25;7;45;2;439.0;12.7279;0.00;-10.95
a42g11XOR;25;7;60;2;441.5;12.0208;0.57;-10.45
a42g11XOR;25;7;90;2;426.5;7.7782;0.24;-13.49
a42g11XOR;25;7;180;2;405.5;21.9203;0.62;-17.75
a42g11XOR;25;12;45;2;270.0;1.4142;6.72;7.78
a42g11XOR;25;12;60;2;266.5;0.7071;5.75;6.39
a42g11XOR;25;12;90;2;268.5;3.5355;8.70;5.92
a42g11XOR;25;12;180;2;256.5;9.1924;4.27;4.06
